0 -17054.7 -17064.7
1 -18761.1 -1706.47
2 -18932.8 -171.647
3 -17244.5 1688.3
4 -15199.5 2044.94
5 -13101.8 2097.77
6 -11167.5 1934.23
7 -9454.16 1713.38
8 -7972.65 1481.51
9 -6707.74 1264.91
10 -5635.84 1071.91
11 -4731.38 904.456
12 -3970.16 761.22
13 -3330.46 639.706
14 -2793.35 537.109
15 -2342.62 450.727
16 -1964.5 378.118
17 -1647.36 317.147
18 -1381.38 265.977
19 -1158.33 223.048
20 -971.29 187.04
21 -814.449 156.842
22 -682.931 131.517
23 -572.651 110.281
24 -480.178 92.4729
25 -402.637 77.5404
26 -337.618 65.0191
27 -283.098 54.5197
28 -237.383 45.7157
29 -199.049 38.3334
30 -166.906 32.1432
31 -139.954 26.9526
32 -117.353 22.6002
33 -98.4027 18.9506
34 -82.5123 15.8904
35 -69.1879 13.3244
36 -58.0152 11.1727
37 -48.6467 9.3685
38 -40.7911 7.85564
39 -34.204 6.58709
40 -28.6806 5.52338
41 -24.0492 4.63145
42 -20.1656 3.88354
43 -16.9092 3.25642
44 -14.1786 2.73056
45 -11.889 2.28962
46 -9.96915 1.91988
47 -8.3593 1.60985
48 -7.00941 1.34989
49 -5.8775 1.1319
50 -4.92838 0.94912
51 -4.13253 0.795853
52 -3.4652 0.667336
53 -2.90562 0.559572
54 -2.43641 0.46921
55 -2.04297 0.393441
56 -1.71307 0.329906
57 -1.43643 0.276632
58 -1.20447 0.23196
59 -1.00997 0.194503
60 -0.846877 0.163094
61 -0.710121 0.136757
62 -0.595448 0.114673
63 -0.499293 0.096155
64 -0.418665 0.0806276
65 -0.351058 0.0676075
66 -0.294368 0.05669
67 -0.246832 0.0475355
68 -0.206973 0.0398593
69 -0.17355 0.0334227
70 -0.145525 0.0280255
71 -0.122025 0.0234998
72 -0.10232 0.019705
73 -0.0857969 0.016523
74 -0.0719421 0.0138548
75 -0.0603246 0.0116175
76 -0.0505832 0.00974143
77 -0.0424148 0.00816835
78 -0.0355655 0.0068493
79 -0.0298223 0.00574325
80 -0.0250065 0.00481581
81 -0.0209683 0.00403813
82 -0.0175823 0.00338604
83 -0.0147431 0.00283925
84 -0.0123623 0.00238076
85 -0.010366 0.00199631
86 -0.00869205 0.00167394
87 -0.00728843 0.00140362
88 -0.00611147 0.00117696
89 -0.00512456 0.000986901
90 -0.00429703 0.000827533
91 -0.00360313 0.0006939
92 -0.00302129 0.000581846
93 -0.0025334 0.000487888
94 -0.0021243 0.000409102
95 -0.00178126 0.000343039
96 -0.00149361 0.000287644
97 -0.00125242 0.000241194
98 -0.00105017 0.000202245
99 -0.000880589 0.000169586
